w1:-0.38637236002853204
w2:-1.0219075796732586
w3:-1.2786370691417386
w4:1.7762879730818948
b1:-0.19053744090315997
b2:2.2628789216817693
b3:0.55834044186249

