w1:-2.4194537447570577
w2:-7.918684184574171
w3:-8.175413674042616
w4:2.876198104218328
b1:-1.349719985925169
b2:7.870570157298369
b3:-1.2632919790320452

